# Created by Octave 4.4.1, Mon Aug 19 19:55:35 2019 +07 <aldermann@Apples-MacBook-Pro-2.local>
# name: theta
# type: matrix
# rows: 8
# columns: 1
 0.71875487027644036
 -0.034509948587797663
 0.02562505922002423
 0.016433249512269623
 0.0048719389823107424
 0.015040218667647839
 0.095203267933502547
 0.026343386464834483


